[K]
F2.WLX.VAL=625.000000
F2.WLY.VAL=2391.000000
F2.WLZ.VAL=3079.000000
FT.SPX.VAL=375.000000
FT.SPY.VAL=3298.000000
FT.SPZ.VAL=844.000000
